# Game Level Exporter v1.0
LIGHT
Light
<Matrix 4x4 ( -0.0870, -0.0165,  0.2857, 0.0000)
            ( -0.2307,  0.1808, -0.0598, 0.0000)
            ( -0.1694, -0.2377, -0.0653, 0.0000)
            (252.3742,  7.8376,  0.2864, 1.0000)>
CAMERA
Camera
<Matrix 4x4 (  0.1134,  0.0000,  0.1203, 0.0000)
            ( -0.0536,  0.1480,  0.0505, 0.0000)
            ( -0.1077, -0.0736,  0.1015, 0.0000)
            (243.3881, 15.0234, -1.0996, 1.0000)>
MESH
Floor_Standard_Cube.044
<Matrix 4x4 ( 15.3298,  0.0000,  0.0000, 0.0000)
            (  0.0000, 15.3298, -0.0000, 0.0000)
            (  0.0000,  0.0000, 15.3298, 0.0000)
            (242.1716, 14.2038, 29.5257, 1.0000)>
MESH
Floor_Standard_Cube.001
<Matrix 4x4 ( 15.3298,  0.0000,  0.0000, 0.0000)
            (  0.0000, 15.3298, -0.0000, 0.0000)
            (  0.0000,  0.0000, 15.3298, 0.0000)
            (270.3575, 14.2038,  0.0452, 1.0000)>
MESH
Floor_Standard_Cube.002
<Matrix 4x4 ( 15.3298,  0.0000,  0.0000, 0.0000)
            (  0.0000, 15.3298, -0.0000, 0.0000)
            (  0.0000,  0.0000, 15.3298, 0.0000)
            (242.1716, 14.2038,  0.0452, 1.0000)>
MESH
Floor_Standard_Cube.003
<Matrix 4x4 ( 15.3298,  0.0000,  0.0000, 0.0000)
            (  0.0000, 15.3298, -0.0000, 0.0000)
            (  0.0000,  0.0000, 15.3298, 0.0000)
            (212.5551, 14.2038,  0.0452, 1.0000)>
MESH
Floor_Standard_Cube.004
<Matrix 4x4 ( 15.3298,  0.0000,   0.0000, 0.0000)
            (  0.0000, 15.3298,  -0.0000, 0.0000)
            (  0.0000,  0.0000,  15.3298, 0.0000)
            (242.1716, 14.2038, -29.3094, 1.0000)>
MESH
Floor_Standard_Cube.005
<Matrix 4x4 ( 15.3298,  0.0000,   0.0000, 0.0000)
            (  0.0000, 15.3298,  -0.0000, 0.0000)
            (  0.0000,  0.0000,  15.3298, 0.0000)
            (212.5551, 14.2038, -29.2570, 1.0000)>
MESH
Floor_Standard_Cube.006
<Matrix 4x4 ( 15.3298,  0.0000,  0.0000, 0.0000)
            (  0.0000, 15.3298, -0.0000, 0.0000)
            (  0.0000,  0.0000, 15.3298, 0.0000)
            (212.5551, 14.2038, 29.3811, 1.0000)>
MESH
Floor_Standard_Cube.007
<Matrix 4x4 ( 15.3298,  0.0000,  0.0000, 0.0000)
            (  0.0000, 15.3298, -0.0000, 0.0000)
            (  0.0000,  0.0000, 15.3298, 0.0000)
            (242.1716, 14.2038, 58.4191, 1.0000)>
MESH
Floor_Standard_Cube.008
<Matrix 4x4 ( 15.3298,  0.0000,   0.0000, 0.0000)
            (  0.0000, 15.3298,  -0.0000, 0.0000)
            (  0.0000,  0.0000,  15.3298, 0.0000)
            (242.1716, 14.2038, -58.5736, 1.0000)>
MESH
Arch_Gothic_RoundColumn_Cylinder.021
<Matrix 4x4 ( -0.0145,  0.0000,  9.7827, 0.0000)
            (  0.0000,  9.7827,  0.0000, 0.0000)
            ( -9.7827,  0.0000, -0.0145, 0.0000)
            (285.3703, 14.5463,  0.0452, 1.0000)>
MESH
Bookcase_Full_Cylinder.044
<Matrix 4x4 ( 14.7155,   0.0000,  0.0034, 0.0000)
            (  0.0000, -14.7155, -0.0000, 0.0000)
            ( -0.0034,  -0.0000, 14.7155, 0.0000)
            (242.2639,  52.5230, 67.9462, 1.0000)>
MESH
Bookcase_Full_Cylinder.001
<Matrix 4x4 (-14.7155,   0.0000,   0.0086, 0.0000)
            (  0.0000, -14.7155,   0.0000, 0.0000)
            ( -0.0086,  -0.0000, -14.7155, 0.0000)
            (242.2639,  52.5230, -68.7141, 1.0000)>
MESH
Bookcase_Full_Cylinder.002
<Matrix 4x4 ( -0.2887,   0.0000, 13.3950, 0.0000)
            (  0.0000, -14.7155,  0.0000, 0.0000)
            (-14.7115,  -0.0000, -0.3171, 0.0000)
            (202.4893,  52.5230, 30.5283, 1.0000)>
MESH
Bookcase_Full_Cylinder.003
<Matrix 4x4 ( -0.3171,   0.0000, 14.7121, 0.0000)
            (  0.0000, -14.7155,  0.0000, 0.0000)
            (-14.7121,  -0.0000, -0.3171, 0.0000)
            (202.4893,  52.5230,  1.5307, 1.0000)>
MESH
Bookcase_Full_Cylinder.004
<Matrix 4x4 ( -0.3171,   0.0000,  14.7121, 0.0000)
            (  0.0000, -14.7155,   0.0000, 0.0000)
            (-14.7121,  -0.0000,  -0.3171, 0.0000)
            (202.4893,  52.5230, -28.9246, 1.0000)>
MESH
Column_Round_Cylinder.001
<Matrix 4x4 ( 56.0940,   0.0000,  0.0000, 0.0000)
            (  0.0000,  56.0940, -0.0000, 0.0000)
            (  0.0000,   0.0000, 56.0940, 0.0000)
            (213.4714, -52.6136, 57.4786, 1.0000)>
MESH
Curve_1_Cube.005
<Matrix 4x4 (-12.4828,  0.0000,  -0.0523, 0.0000)
            ( -0.0000, 15.7212,   0.0000, 0.0000)
            (  0.0523,  0.0000, -12.4828, 0.0000)
            (256.4812,  6.0715, -47.4709, 1.0000)>
MESH
Curve_1_Cube.001
<Matrix 4x4 (  0.2559,  0.0000, -12.4807, 0.0000)
            ( -0.0000, 15.8463,  -0.0000, 0.0000)
            ( 13.4682,  0.0000,   0.2762, 0.0000)
            (257.3991,  6.0715,  45.1979, 1.0000)>
MESH
Wall_Cube.354
<Matrix 4x4 (  0.0176,  0.0000,  16.1974, 0.0000)
            (  0.0000, 15.2559,  -0.0000, 0.0000)
            (-15.2558,  0.0000,   0.0165, 0.0000)
            (285.2985,  6.6454, -31.2095, 1.0000)>
MESH
Wall_Cube.001
<Matrix 4x4 (  0.0172,  0.0000, 15.8704, 0.0000)
            (  0.0000, 15.2559, -0.0000, 0.0000)
            (-15.2558,  0.0000,  0.0165, 0.0000)
            (285.2985,  6.6454, 30.8671, 1.0000)>
MESH
BridgeSection_Cylinder.030
<Matrix 4x4 (  0.0739,   0.0000, -14.4811, 0.0000)
            ( -0.0000, -14.4813,  -0.0000, 0.0000)
            ( 14.4811,  -0.0000,   0.0739, 0.0000)
            (296.3426,  14.3815,  -0.0143, 1.0000)>
MESH
Floor_Diamond_Cube.048
<Matrix 4x4 ( 13.7387,  0.0000,   0.0000, 0.0000)
            (  0.0000, 13.7387,  -0.0000, 0.0000)
            (  0.0000,  0.0000,  30.2832, 0.0000)
            (270.8637, 14.8391, -43.7846, 1.0000)>
MESH
Floor_Diamond_Cube.001
<Matrix 4x4 ( 13.7387,  0.0000,  0.0000, 0.0000)
            (  0.0000, 13.7387, -0.0000, 0.0000)
            (  0.0000,  0.0000, 30.2832, 0.0000)
            (270.8637, 14.8391, 43.6679, 1.0000)>
MESH
BridgeSection_Cylinder.001
<Matrix 4x4 (  0.0739,   0.0000, -14.4811, 0.0000)
            ( -0.0000, -14.4813,  -0.0000, 0.0000)
            ( 14.4811,  -0.0000,   0.0739, 0.0000)
            (328.3604,  14.3815,  -0.0143, 1.0000)>
MESH
BridgeSection_Cylinder.002
<Matrix 4x4 (  0.0739,   0.0000, -14.4811, 0.0000)
            ( -0.0000, -14.4813,  -0.0000, 0.0000)
            ( 14.4811,  -0.0000,   0.0739, 0.0000)
            (359.8306,  14.3815,  -0.0143, 1.0000)>
MESH
BridgeSection_Cylinder.003
<Matrix 4x4 (  0.0739,   0.0000, -14.4811, 0.0000)
            ( -0.0000, -14.4813,  -0.0000, 0.0000)
            ( 14.4811,  -0.0000,   0.0739, 0.0000)
            (391.3520,  14.3815,  -0.0143, 1.0000)>
MESH
BridgeSection_Cylinder.004
<Matrix 4x4 (  0.0739,   0.0000, -14.4811, 0.0000)
            ( -0.0000, -14.4813,  -0.0000, 0.0000)
            ( 14.4811,  -0.0000,   0.0739, 0.0000)
            (422.9548,  14.3815,  -0.0143, 1.0000)>
MESH
Column_BridgeSupport_Cylinder.033
<Matrix 4x4 ( 14.5526,   0.0000,   0.0000, 0.0000)
            (  0.0000,  14.5526,  -0.0000, 0.0000)
            (  0.0000,   0.0000,  14.5526, 0.0000)
            (291.2039, -47.5695, -13.4140, 1.0000)>
MESH
Column_BridgeSupport_Cylinder.001
<Matrix 4x4 ( 14.5526,   0.0000,  0.0000, 0.0000)
            (  0.0000,  14.5526, -0.0000, 0.0000)
            (  0.0000,   0.0000, 14.5526, 0.0000)
            (291.2039, -47.5695, 14.8425, 1.0000)>
MESH
Column_BridgeSupport_Cylinder.002
<Matrix 4x4 ( 14.5526,   0.0000,   0.0000, 0.0000)
            (  0.0000,  14.5526,  -0.0000, 0.0000)
            (  0.0000,   0.0000,  14.5526, 0.0000)
            (344.5845, -47.5695, -13.4140, 1.0000)>
MESH
Column_BridgeSupport_Cylinder.003
<Matrix 4x4 ( 14.5526,   0.0000,  0.0000, 0.0000)
            (  0.0000,  14.5526, -0.0000, 0.0000)
            (  0.0000,   0.0000, 14.5526, 0.0000)
            (344.5845, -47.5695, 14.8425, 1.0000)>
MESH
Column_BridgeSupport_Cylinder.004
<Matrix 4x4 ( 14.5526,   0.0000,  0.0000, 0.0000)
            (  0.0000,  14.5526, -0.0000, 0.0000)
            (  0.0000,   0.0000, 14.5526, 0.0000)
            (395.1454, -47.5695, 14.8425, 1.0000)>
MESH
Column_BridgeSupport_Cylinder.005
<Matrix 4x4 ( 14.5526,   0.0000,   0.0000, 0.0000)
            (  0.0000,  14.5526,  -0.0000, 0.0000)
            (  0.0000,   0.0000,  14.5526, 0.0000)
            (395.1454, -47.5695, -13.4140, 1.0000)>
MESH
Column_BridgeSupport_Cylinder.006
<Matrix 4x4 ( 14.5526,   0.0000,   0.0000, 0.0000)
            (  0.0000,  14.5526,  -0.0000, 0.0000)
            (  0.0000,   0.0000,  14.5526, 0.0000)
            (436.8317, -47.5695, -13.4140, 1.0000)>
MESH
Column_BridgeSupport_Cylinder.007
<Matrix 4x4 ( 14.5526,   0.0000,  0.0000, 0.0000)
            (  0.0000,  14.5526, -0.0000, 0.0000)
            (  0.0000,   0.0000, 14.5526, 0.0000)
            (436.8317, -47.5695, 14.8425, 1.0000)>
MESH
Column_Round_Cylinder.002
<Matrix 4x4 ( 56.0940,   0.0000,   0.0000, 0.0000)
            (  0.0000,  56.0940,  -0.0000, 0.0000)
            (  0.0000,   0.0000,  56.0940, 0.0000)
            (213.4714, -52.6136, -57.2269, 1.0000)>
MESH
Wall_Cube.002
<Matrix 4x4 ( -0.0277,  0.0000, -16.1974, 0.0000)
            ( -0.0000, 15.2559,   0.0000, 0.0000)
            ( 15.2558,  0.0000,  -0.0261, 0.0000)
            (445.2823,  6.6454,  31.2590, 1.0000)>
MESH
Wall_Cube.003
<Matrix 4x4 ( -0.0271,  0.0000, -15.8704, 0.0000)
            ( -0.0000, 15.2559,   0.0000, 0.0000)
            ( 15.2558,  0.0000,  -0.0261, 0.0000)
            (445.2435,  6.6454, -30.8176, 1.0000)>
MESH
Floor_Standard_Cube.009
<Matrix 4x4 (-15.3298,  0.0000,   0.0096, 0.0000)
            (  0.0000, 15.3298,   0.0000, 0.0000)
            ( -0.0096,  0.0000, -15.3298, 0.0000)
            (488.3712, 14.2038, -29.5031, 1.0000)>
MESH
Floor_Standard_Cube.010
<Matrix 4x4 (-15.3298,  0.0000,   0.0096, 0.0000)
            (  0.0000, 15.3298,   0.0000, 0.0000)
            ( -0.0096,  0.0000, -15.3298, 0.0000)
            (488.4262, 14.2038,  58.5961, 1.0000)>
MESH
Floor_Standard_Cube.011
<Matrix 4x4 (-15.3298,  0.0000,   0.0096, 0.0000)
            (  0.0000, 15.3298,   0.0000, 0.0000)
            ( -0.0096,  0.0000, -15.3298, 0.0000)
            (488.3531, 14.2038, -58.3966, 1.0000)>
MESH
Floor_Standard_Cube.012
<Matrix 4x4 (-15.3298,  0.0000,   0.0096, 0.0000)
            (  0.0000, 15.3298,   0.0000, 0.0000)
            ( -0.0096,  0.0000, -15.3298, 0.0000)
            (517.9877, 14.2038, -29.3770, 1.0000)>
MESH
Floor_Standard_Cube.013
<Matrix 4x4 (-15.3298,  0.0000,   0.0096, 0.0000)
            (  0.0000, 15.3298,   0.0000, 0.0000)
            ( -0.0096,  0.0000, -15.3298, 0.0000)
            (518.0244, 14.2038,  29.2610, 1.0000)>
MESH
Floor_Standard_Cube.014
<Matrix 4x4 (-15.3298,  0.0000,   0.0096, 0.0000)
            (  0.0000, 15.3298,   0.0000, 0.0000)
            ( -0.0096,  0.0000, -15.3298, 0.0000)
            (488.4080, 14.2038,  29.3320, 1.0000)>
MESH
Floor_Standard_Cube.015
<Matrix 4x4 (-15.3298,  0.0000,   0.0096, 0.0000)
            (  0.0000, 15.3298,   0.0000, 0.0000)
            ( -0.0096,  0.0000, -15.3298, 0.0000)
            (518.0061, 14.2038,  -0.0412, 1.0000)>
MESH
Floor_Standard_Cube.016
<Matrix 4x4 (-15.3298,  0.0000,   0.0096, 0.0000)
            (  0.0000, 15.3298,   0.0000, 0.0000)
            ( -0.0096,  0.0000, -15.3298, 0.0000)
            (488.3896, 14.2038,  -0.0227, 1.0000)>
MESH
Floor_Standard_Cube.017
<Matrix 4x4 (-15.3298,  0.0000,   0.0096, 0.0000)
            (  0.0000, 15.3298,   0.0000, 0.0000)
            ( -0.0096,  0.0000, -15.3298, 0.0000)
            (460.2038, 14.2038,  -0.0051, 1.0000)>
MESH
Floor_Diamond_Cube.002
<Matrix 4x4 (-13.7387,  0.0000,   0.0086, 0.0000)
            (  0.0000, 13.7387,   0.0000, 0.0000)
            ( -0.0189,  0.0000, -30.2832, 0.0000)
            (459.7250, 14.8391,  43.8251, 1.0000)>
MESH
Floor_Diamond_Cube.003
<Matrix 4x4 (-13.7387,  0.0000,   0.0086, 0.0000)
            (  0.0000, 13.7387,   0.0000, 0.0000)
            ( -0.0189,  0.0000, -30.2832, 0.0000)
            (459.6703, 14.8391, -43.6274, 1.0000)>
MESH
Curve_1_Cube.002
<Matrix 4x4 ( 12.9051,  0.0000,  0.0460, 0.0000)
            (  0.0000, 15.3806, -0.0000, 0.0000)
            ( -0.0445,  0.0000, 12.4828, 0.0000)
            (474.1097,  6.0715, 47.5024, 1.0000)>
MESH
Curve_1_Cube.003
<Matrix 4x4 ( -0.2481,  0.0000,  12.4813, 0.0000)
            (  0.0000, 15.1076,   0.0000, 0.0000)
            (-14.4915,  0.0000,  -0.2881, 0.0000)
            (473.1339,  6.0715, -45.1658, 1.0000)>
MESH
Column_Round_Cylinder.003
<Matrix 4x4 (-56.0940,   0.0000,   0.0351, 0.0000)
            (  0.0000,  56.0940,   0.0000, 0.0000)
            ( -0.0351,   0.0000, -56.0940, 0.0000)
            (517.1256, -52.6136,  57.2315, 1.0000)>
MESH
Column_Round_Cylinder.004
<Matrix 4x4 (-56.0940,   0.0000,   0.0351, 0.0000)
            (  0.0000,  56.0940,   0.0000, 0.0000)
            ( -0.0351,   0.0000, -56.0940, 0.0000)
            (517.0539, -52.6136, -57.4740, 1.0000)>
MESH
Bookcase_Full_Cylinder.005
<Matrix 4x4 (-14.7156,   0.0000,   0.0058, 0.0000)
            (  0.0000, -14.7155,   0.0000, 0.0000)
            ( -0.0058,  -0.0000, -14.7156, 0.0000)
            (488.2549,  52.5230, -67.9235, 1.0000)>
MESH
Bookcase_Full_Cylinder.006
<Matrix 4x4 (  0.3079,   0.0000, -14.7123, 0.0000)
            ( -0.0000, -14.7155,  -0.0000, 0.0000)
            ( 14.7123,  -0.0000,   0.3079, 0.0000)
            (528.0901,  52.5230,  28.9223, 1.0000)>
MESH
Bookcase_Full_Cylinder.007
<Matrix 4x4 (  0.3079,   0.0000, -14.7123, 0.0000)
            ( -0.0000, -14.7155,  -0.0000, 0.0000)
            ( 14.7123,  -0.0000,   0.3079, 0.0000)
            (528.0710,  52.5230,  -1.5329, 1.0000)>
MESH
Bookcase_Full_Cylinder.008
<Matrix 4x4 (  0.2803,   0.0000, -13.3952, 0.0000)
            ( -0.0000, -14.7155,  -0.0000, 0.0000)
            ( 14.7117,  -0.0000,   0.3079, 0.0000)
            (528.0530,  52.5230, -30.5306, 1.0000)>
MESH
Bookcase_Full_Cylinder.009
<Matrix 4x4 ( 14.7155,   0.0000, -0.0178, 0.0000)
            ( -0.0000, -14.7155, -0.0000, 0.0000)
            (  0.0178,  -0.0000, 14.7155, 0.0000)
            (488.3403,  52.5230, 68.7367, 1.0000)>
MESH
Arch_Gothic_RoundColumn_Cylinder.001
<Matrix 4x4 (  0.0084,  0.0000, -9.7827, 0.0000)
            ( -0.0000,  9.7827, -0.0000, 0.0000)
            (  9.7827,  0.0000,  0.0084, 0.0000)
            (445.1909, 14.5463,  0.0043, 1.0000)>
MESH
Zombie_Cylinder_Zombie_CylinderMesh
<Matrix 4x4 ( -0.0265,  0.0000,  2.8503, 0.0000)
            (  0.0000,  2.8504,  0.0000, 0.0000)
            ( -2.8503,  0.0000, -0.0265, 0.0000)
            (319.7772, 14.3546,  4.5490, 1.0000)>
MESH
Zombie_Cylinder_Zombie_CylinderMesh.001
<Matrix 4x4 ( -0.0265,  0.0000,  2.8503, 0.0000)
            (  0.0000,  2.8504,  0.0000, 0.0000)
            ( -2.8503,  0.0000, -0.0265, 0.0000)
            (345.0298, 14.3546, -5.8222, 1.0000)>
MESH
Zombie_Cylinder_Zombie_CylinderMesh.002
<Matrix 4x4 ( -0.0265,  0.0000,  2.8503, 0.0000)
            (  0.0000,  2.8504,  0.0000, 0.0000)
            ( -2.8503,  0.0000, -0.0265, 0.0000)
            (296.5977, 14.3546, -3.2816, 1.0000)>
MESH
Candles_1_Cube.003
<Matrix 4x4 (  8.9817,  0.0000,  0.0000, 0.0000)
            (  0.0000,  8.9817, -0.0000, 0.0000)
            (  0.0000,  0.0000,  8.9817, 0.0000)
            (218.5045, 13.9469, -0.0143, 1.0000)>
MESH
Bricks_Cube.676
<Matrix 4x4 (  9.0265,  0.0000,  0.0000, 0.0000)
            (  0.0000,  9.0265, -0.0000, 0.0000)
            (  0.0000,  0.0000,  9.0265, 0.0000)
            (405.7265, 16.5155, -0.0143, 1.0000)>
MESH
Barrel_Cylinder.037
<Matrix 4x4 (  6.1191,  0.0000,  0.0000, 0.0000)
            (  0.0000,  6.1191, -0.0000, 0.0000)
            (  0.0000,  0.0000,  6.1191, 0.0000)
            (284.1323, 17.1226, -7.5970, 1.0000)>
MESH
Barrel_Cylinder.001
<Matrix 4x4 (  6.1191,  0.0000,  0.0000, 0.0000)
            (  0.0000,  6.1191, -0.0000, 0.0000)
            (  0.0000,  0.0000,  6.1191, 0.0000)
            (284.1323, 17.1226,  7.9586, 1.0000)>
MESH
Barrel_Cylinder.002
<Matrix 4x4 (  6.1191,  0.0000,  0.0000, 0.0000)
            (  0.0000,  6.1191, -0.0000, 0.0000)
            (  0.0000,  0.0000,  6.1191, 0.0000)
            (298.5654, 17.1226, 15.5034, 1.0000)>
MESH
Barrel_Cylinder.003
<Matrix 4x4 (  6.1191,  0.0000,   0.0000, 0.0000)
            (  0.0000,  6.1191,  -0.0000, 0.0000)
            (  0.0000,  0.0000,   6.1191, 0.0000)
            (323.5181, 17.1226, -16.2869, 1.0000)>
MESH
Barrel_Cylinder.004
<Matrix 4x4 (  6.1191,  0.0000,  0.0000, 0.0000)
            (  0.0000,  6.1191, -0.0000, 0.0000)
            (  0.0000,  0.0000,  6.1191, 0.0000)
            (348.6068, 17.1226, 15.6399, 1.0000)>
MESH
Barrel_Cylinder.005
<Matrix 4x4 (  6.1191,  0.0000,   0.0000, 0.0000)
            (  0.0000,  6.1191,  -0.0000, 0.0000)
            (  0.0000,  0.0000,   6.1191, 0.0000)
            (382.3441, 17.1226, -16.1648, 1.0000)>
MESH
Barrel_Cylinder.006
<Matrix 4x4 (  6.1191,  0.0000,  0.0000, 0.0000)
            (  0.0000,  6.1191, -0.0000, 0.0000)
            (  0.0000,  0.0000,  6.1191, 0.0000)
            (406.9626, 17.1226, 15.8514, 1.0000)>
MESH
Barrel_Cylinder.007
<Matrix 4x4 (  6.1191,  0.0000,   0.0000, 0.0000)
            (  0.0000,  6.1191,  -0.0000, 0.0000)
            (  0.0000,  0.0000,   6.1191, 0.0000)
            (433.8835, 17.1226, -17.1768, 1.0000)>
MESH
Chest_Top_Cylinder.034
<Matrix 4x4 ( -0.0330,  0.0000, -12.5886, 0.0000)
            ( -0.0000, 12.5886,   0.0000, 0.0000)
            ( 12.5886,  0.0000,  -0.0330, 0.0000)
            (495.5775, 15.2407,  -0.0143, 1.0000)>
