# Game Level Exporter v1.0
CAMERA
Camera
<Matrix 4x4 (  0.0746,  0.0000,  0.0791, 0.0000)
            ( -0.0352,  0.0974,  0.0332, 0.0000)
            ( -0.0708, -0.0484,  0.0668, 0.0000)
            (282.7315, 10.9657, -0.7170, 1.0000)>
MESH
Floor_Standard_Cube.044
<Matrix 4x4 ( 10.0835,  0.0000,  0.0000, 0.0000)
            (  0.0000, 10.0835, -0.0000, 0.0000)
            (  0.0000,  0.0000, 10.0835, 0.0000)
            (281.9313, 10.4265, 19.4276, 1.0000)>
MESH
Floor_Standard_Cube
<Matrix 4x4 ( 10.0835,  0.0000,  0.0000, 0.0000)
            (  0.0000, 10.0835, -0.0000, 0.0000)
            (  0.0000,  0.0000, 10.0835, 0.0000)
            (300.4713, 10.4265,  0.0361, 1.0000)>
MESH
Floor_Standard_Cube.002
<Matrix 4x4 ( 10.0835,  0.0000,  0.0000, 0.0000)
            (  0.0000, 10.0835, -0.0000, 0.0000)
            (  0.0000,  0.0000, 10.0835, 0.0000)
            (281.9313, 10.4265,  0.0361, 1.0000)>
MESH
Floor_Standard_Cube.003
<Matrix 4x4 ( 10.0835,  0.0000,  0.0000, 0.0000)
            (  0.0000, 10.0835, -0.0000, 0.0000)
            (  0.0000,  0.0000, 10.0835, 0.0000)
            (262.4503, 10.4265,  0.0361, 1.0000)>
MESH
Floor_Standard_Cube.004
<Matrix 4x4 ( 10.0835,  0.0000,   0.0000, 0.0000)
            (  0.0000, 10.0835,  -0.0000, 0.0000)
            (  0.0000,  0.0000,  10.0835, 0.0000)
            (281.9313, 10.4265, -19.2727, 1.0000)>
MESH
Floor_Standard_Cube.005
<Matrix 4x4 ( 10.0835,  0.0000,   0.0000, 0.0000)
            (  0.0000, 10.0835,  -0.0000, 0.0000)
            (  0.0000,  0.0000,  10.0835, 0.0000)
            (262.4503, 10.4265, -19.2382, 1.0000)>
MESH
Floor_Standard_Cube.006
<Matrix 4x4 ( 10.0835,  0.0000,  0.0000, 0.0000)
            (  0.0000, 10.0835, -0.0000, 0.0000)
            (  0.0000,  0.0000, 10.0835, 0.0000)
            (262.4503, 10.4265, 19.3325, 1.0000)>
MESH
Floor_Standard_Cube.007
<Matrix 4x4 ( 10.0835,  0.0000,  0.0000, 0.0000)
            (  0.0000, 10.0835, -0.0000, 0.0000)
            (  0.0000,  0.0000, 10.0835, 0.0000)
            (281.9313, 10.4265, 38.4331, 1.0000)>
MESH
Floor_Standard_Cube.008
<Matrix 4x4 ( 10.0835,  0.0000,   0.0000, 0.0000)
            (  0.0000, 10.0835,  -0.0000, 0.0000)
            (  0.0000,  0.0000,  10.0835, 0.0000)
            (281.9313, 10.4265, -38.5219, 1.0000)>
MESH
Arch_Gothic_RoundColumn_Cylinder.021
<Matrix 4x4 ( -0.0095,  0.0000,  6.4348, 0.0000)
            (  0.0000,  6.4348,  0.0000, 0.0000)
            ( -6.4348,  0.0000, -0.0095, 0.0000)
            (310.3464, 10.6518,  0.0361, 1.0000)>
MESH
Bookcase_Full_Cylinder
<Matrix 4x4 ( -9.6795, 0.0000,   0.0057, 0.0000)
            (  0.0000, 9.6795,   0.0000, 0.0000)
            ( -0.0057, 0.0000,  -9.6795, 0.0000)
            (281.9920, 9.6771, -45.1921, 1.0000)>
MESH
Bookcase_Full_Cylinder.002
<Matrix 4x4 ( -0.1899, 0.0000,  8.8109, 0.0000)
            (  0.0000, 9.6795,  0.0000, 0.0000)
            ( -9.6769, 0.0000, -0.2086, 0.0000)
            (255.8292, 9.4056, 20.0871, 1.0000)>
MESH
Bookcase_Full_Cylinder.003
<Matrix 4x4 ( -0.2086, -0.0000,  9.6773, 0.0000)
            (  0.0000,  9.6795,  0.0000, 0.0000)
            ( -9.6773,  0.0000, -0.2086, 0.0000)
            (255.8292,  9.4056,  1.0132, 1.0000)>
MESH
Bookcase_Full_Cylinder.004
<Matrix 4x4 ( -0.2086, -0.0000,   9.6773, 0.0000)
            (  0.0000,  9.6795,   0.0000, 0.0000)
            ( -9.6773,  0.0000,  -0.2086, 0.0000)
            (255.8292,  9.4056, -19.0196, 1.0000)>
MESH
Column_Round_Cylinder
<Matrix 4x4 ( 36.8973,   0.0000,  0.0000, 0.0000)
            (  0.0000,  36.8973, -0.0000, 0.0000)
            (  0.0000,   0.0000, 36.8973, 0.0000)
            (263.0530, -33.5243, 37.8144, 1.0000)>
MESH
Curve_1_Cube.005
<Matrix 4x4 ( -8.2109,  0.0000,  -0.0344, 0.0000)
            ( -0.0000, 10.3410,   0.0000, 0.0000)
            (  0.0344,  0.0000,  -8.2109, 0.0000)
            (291.3439,  5.0773, -31.2189, 1.0000)>
MESH
Curve_1_Cube
<Matrix 4x4 (  0.1684,  0.0000, -8.2095, 0.0000)
            ( -0.0000, 10.4233, -0.0000, 0.0000)
            (  8.8590,  0.0000,  0.1817, 0.0000)
            (291.9476,  5.0773, 29.7364, 1.0000)>
MESH
Wall_Cube.354
<Matrix 4x4 (  0.0115,  0.0000,  10.6543, 0.0000)
            (  0.0000, 10.0349,  -0.0000, 0.0000)
            (-10.0349,  0.0000,   0.0109, 0.0000)
            (310.2991,  5.4548, -20.5225, 1.0000)>
MESH
Wall_Cube
<Matrix 4x4 (  0.0113,  0.0000, 10.4391, 0.0000)
            (  0.0000, 10.0349, -0.0000, 0.0000)
            (-10.0349,  0.0000,  0.0109, 0.0000)
            (310.2991,  5.4548, 20.3100, 1.0000)>
MESH
Floor_Diamond_Cube.048
<Matrix 4x4 (  9.0370,  0.0000,   0.0000, 0.0000)
            (  0.0000,  9.0370,  -0.0000, 0.0000)
            (  0.0000,  0.0000,  19.9196, 0.0000)
            (300.8043, 10.8444, -28.7941, 1.0000)>
MESH
Floor_Diamond_Cube
<Matrix 4x4 (  9.0370,  0.0000,  0.0000, 0.0000)
            (  0.0000,  9.0370, -0.0000, 0.0000)
            (  0.0000,  0.0000, 19.9196, 0.0000)
            (300.8043, 10.8444, 28.7300, 1.0000)>
MESH
Column_BridgeSupport_Cylinder.033
<Matrix 4x4 (  9.5724,   0.0000,  0.0000, 0.0000)
            (  0.0000,   9.5724, -0.0000, 0.0000)
            (  0.0000,   0.0000,  9.5724, 0.0000)
            (314.1836, -30.2065, -8.8171, 1.0000)>
MESH
Column_BridgeSupport_Cylinder
<Matrix 4x4 (  9.5724,   0.0000,  0.0000, 0.0000)
            (  0.0000,   9.5724, -0.0000, 0.0000)
            (  0.0000,   0.0000,  9.5724, 0.0000)
            (314.1836, -30.2065,  9.7694, 1.0000)>
MESH
Column_BridgeSupport_Cylinder.002
<Matrix 4x4 (  9.5724,   0.0000,  0.0000, 0.0000)
            (  0.0000,   9.5724, -0.0000, 0.0000)
            (  0.0000,   0.0000,  9.5724, 0.0000)
            (349.2961, -30.2065, -8.8171, 1.0000)>
MESH
Column_BridgeSupport_Cylinder.003
<Matrix 4x4 (  9.5724,   0.0000,  0.0000, 0.0000)
            (  0.0000,   9.5724, -0.0000, 0.0000)
            (  0.0000,   0.0000,  9.5724, 0.0000)
            (349.2961, -30.2065,  9.7694, 1.0000)>
MESH
Column_BridgeSupport_Cylinder.004
<Matrix 4x4 (  9.5724,   0.0000,  0.0000, 0.0000)
            (  0.0000,   9.5724, -0.0000, 0.0000)
            (  0.0000,   0.0000,  9.5724, 0.0000)
            (382.5538, -30.2065,  9.7694, 1.0000)>
MESH
Column_BridgeSupport_Cylinder.005
<Matrix 4x4 (  9.5724,   0.0000,  0.0000, 0.0000)
            (  0.0000,   9.5724, -0.0000, 0.0000)
            (  0.0000,   0.0000,  9.5724, 0.0000)
            (382.5538, -30.2065, -8.8171, 1.0000)>
MESH
Column_BridgeSupport_Cylinder.006
<Matrix 4x4 (  9.5724,   0.0000,  0.0000, 0.0000)
            (  0.0000,   9.5724, -0.0000, 0.0000)
            (  0.0000,   0.0000,  9.5724, 0.0000)
            (409.9741, -30.2065, -8.8171, 1.0000)>
MESH
Column_BridgeSupport_Cylinder.007
<Matrix 4x4 (  9.5724,   0.0000,  0.0000, 0.0000)
            (  0.0000,   9.5724, -0.0000, 0.0000)
            (  0.0000,   0.0000,  9.5724, 0.0000)
            (409.9741, -30.2065,  9.7694, 1.0000)>
MESH
Column_Round_Cylinder.002
<Matrix 4x4 ( 36.8973,   0.0000,   0.0000, 0.0000)
            (  0.0000,  36.8973,  -0.0000, 0.0000)
            (  0.0000,   0.0000,  36.8973, 0.0000)
            (263.0530, -33.5243, -37.6362, 1.0000)>
MESH
Wall_Cube.002
<Matrix 4x4 ( -0.0182,  0.0000, -10.6543, 0.0000)
            ( -0.0000, 10.0349,   0.0000, 0.0000)
            ( 10.0349,  0.0000,  -0.0171, 0.0000)
            (415.5327,  5.4548,  20.5678, 1.0000)>
MESH
Wall_Cube.003
<Matrix 4x4 ( -0.0178,  0.0000, -10.4391, 0.0000)
            ( -0.0000, 10.0349,   0.0000, 0.0000)
            ( 10.0349,  0.0000,  -0.0171, 0.0000)
            (415.5072,  5.4548, -20.2647, 1.0000)>
MESH
Floor_Standard_Cube.009
<Matrix 4x4 (-10.0835,  0.0000,   0.0063, 0.0000)
            (  0.0000, 10.0835,   0.0000, 0.0000)
            ( -0.0063,  0.0000, -10.0835, 0.0000)
            (443.8755, 10.4265, -19.4001, 1.0000)>
MESH
Floor_Standard_Cube.010
<Matrix 4x4 (-10.0835,  0.0000,   0.0063, 0.0000)
            (  0.0000, 10.0835,   0.0000, 0.0000)
            ( -0.0063,  0.0000, -10.0835, 0.0000)
            (443.9117, 10.4265,  38.5495, 1.0000)>
MESH
Floor_Standard_Cube.011
<Matrix 4x4 (-10.0835,  0.0000,   0.0063, 0.0000)
            (  0.0000, 10.0835,   0.0000, 0.0000)
            ( -0.0063,  0.0000, -10.0835, 0.0000)
            (443.8636, 10.4265, -38.4055, 1.0000)>
MESH
Floor_Standard_Cube.012
<Matrix 4x4 (-10.0835,  0.0000,   0.0063, 0.0000)
            (  0.0000, 10.0835,   0.0000, 0.0000)
            ( -0.0063,  0.0000, -10.0835, 0.0000)
            (463.3566, 10.4265, -19.3172, 1.0000)>
MESH
Floor_Standard_Cube.013
<Matrix 4x4 (-10.0835,  0.0000,   0.0063, 0.0000)
            (  0.0000, 10.0835,   0.0000, 0.0000)
            ( -0.0063,  0.0000, -10.0835, 0.0000)
            (463.3807, 10.4265,  19.2535, 1.0000)>
MESH
Floor_Standard_Cube.014
<Matrix 4x4 (-10.0835,  0.0000,   0.0063, 0.0000)
            (  0.0000, 10.0835,   0.0000, 0.0000)
            ( -0.0063,  0.0000, -10.0835, 0.0000)
            (443.8997, 10.4265,  19.3002, 1.0000)>
MESH
Floor_Standard_Cube.015
<Matrix 4x4 (-10.0835,  0.0000,   0.0063, 0.0000)
            (  0.0000, 10.0835,   0.0000, 0.0000)
            ( -0.0063,  0.0000, -10.0835, 0.0000)
            (463.3687, 10.4265,  -0.0208, 1.0000)>
MESH
Floor_Standard_Cube.016
<Matrix 4x4 (-10.0835,  0.0000,   0.0063, 0.0000)
            (  0.0000, 10.0835,   0.0000, 0.0000)
            ( -0.0063,  0.0000, -10.0835, 0.0000)
            (443.8876, 10.4265,  -0.0086, 1.0000)>
MESH
Floor_Standard_Cube.017
<Matrix 4x4 (-10.0835,  0.0000,   0.0063, 0.0000)
            (  0.0000, 10.0835,   0.0000, 0.0000)
            ( -0.0063,  0.0000, -10.0835, 0.0000)
            (425.3477, 10.4265,   0.0030, 1.0000)>
MESH
Floor_Diamond_Cube.002
<Matrix 4x4 ( -9.0370,  0.0000,   0.0056, 0.0000)
            (  0.0000,  9.0370,   0.0000, 0.0000)
            ( -0.0125,  0.0000, -19.9196, 0.0000)
            (425.0327, 10.8444,  28.8335, 1.0000)>
MESH
Floor_Diamond_Cube.003
<Matrix 4x4 ( -9.0370,  0.0000,   0.0056, 0.0000)
            (  0.0000,  9.0370,   0.0000, 0.0000)
            ( -0.0125,  0.0000, -19.9196, 0.0000)
            (424.9968, 10.8444, -28.6907, 1.0000)>
MESH
Curve_1_Cube.002
<Matrix 4x4 (  8.4887,  0.0000,  0.0303, 0.0000)
            (  0.0000, 10.1170, -0.0000, 0.0000)
            ( -0.0293,  0.0000,  8.2109, 0.0000)
            (434.4947,  5.0773, 31.2523, 1.0000)>
MESH
Curve_1_Cube.003
<Matrix 4x4 ( -0.1632, 0.0000,   8.2099, 0.0000)
            (  0.0000, 9.9374,   0.0000, 0.0000)
            ( -9.5322, 0.0000,  -0.1895, 0.0000)
            (433.8528, 5.0773, -29.7026, 1.0000)>
MESH
Column_Round_Cylinder.003
<Matrix 4x4 (-36.8973,   0.0000,   0.0231, 0.0000)
            (  0.0000,  36.8973,   0.0000, 0.0000)
            ( -0.0231,   0.0000, -36.8973, 0.0000)
            (462.7895, -33.5243,  37.6519, 1.0000)>
MESH
Column_Round_Cylinder.004
<Matrix 4x4 (-36.8973,   0.0000,   0.0231, 0.0000)
            (  0.0000,  36.8973,   0.0000, 0.0000)
            ( -0.0231,   0.0000, -36.8973, 0.0000)
            (462.7423, -33.5243, -37.7987, 1.0000)>
MESH
Bookcase_Full_Cylinder.005
<Matrix 4x4 ( -9.6795, 0.0000,   0.0038, 0.0000)
            (  0.0000, 9.6795,   0.0000, 0.0000)
            ( -0.0038, 0.0000,  -9.6795, 0.0000)
            (443.7991, 9.4554, -44.6721, 1.0000)>
MESH
Bookcase_Full_Cylinder.006
<Matrix 4x4 (  0.2025, 0.0000, -9.6774, 0.0000)
            ( -0.0000, 9.6795, -0.0000, 0.0000)
            (  9.6774, 0.0000,  0.2025, 0.0000)
            (470.0017, 9.4554, 19.0308, 1.0000)>
MESH
Bookcase_Full_Cylinder.007
<Matrix 4x4 (  0.2025, 0.0000, -9.6774, 0.0000)
            ( -0.0000, 9.6795, -0.0000, 0.0000)
            (  9.6774, 0.0000,  0.2025, 0.0000)
            (469.9891, 9.4554, -1.0020, 1.0000)>
MESH
Bookcase_Full_Cylinder.008
<Matrix 4x4 (  0.1844, 0.0000,  -8.8110, 0.0000)
            ( -0.0000, 9.6795,  -0.0000, 0.0000)
            (  9.6770, 0.0000,   0.2025, 0.0000)
            (469.9773, 9.4554, -20.0759, 1.0000)>
MESH
Bookcase_Full_Cylinder.009
<Matrix 4x4 (  9.6795, 0.0000, -0.0117, 0.0000)
            ( -0.0000, 9.6795, -0.0000, 0.0000)
            (  0.0117, 0.0000,  9.6795, 0.0000)
            (443.8552, 9.4554, 45.2197, 1.0000)>
MESH
Arch_Gothic_RoundColumn_Cylinder
<Matrix 4x4 (  0.0055,  0.0000, -6.4348, 0.0000)
            ( -0.0000,  6.4348, -0.0000, 0.0000)
            (  6.4348,  0.0000,  0.0055, 0.0000)
            (415.4726, 10.6518,  0.0092, 1.0000)>
MESH
Zombie_Cylinder.003
<Matrix 4x4 ( -0.0174,  0.0000,  1.8748, 0.0000)
            (  0.0000,  1.8749,  0.0000, 0.0000)
            ( -1.8748,  0.0000, -0.0174, 0.0000)
            (332.9785, 10.5257,  2.9986, 1.0000)>
MESH
Zombie_Cylinder
<Matrix 4x4 ( -0.0174,  0.0000,  1.8748, 0.0000)
            (  0.0000,  1.8749,  0.0000, 0.0000)
            ( -1.8748,  0.0000, -0.0174, 0.0000)
            (349.5890, 10.5257, -3.8234, 1.0000)>
MESH
Zombie_Cylinder.002
<Matrix 4x4 ( -0.0174,  0.0000,  1.8748, 0.0000)
            (  0.0000,  1.8749,  0.0000, 0.0000)
            ( -1.8748,  0.0000, -0.0174, 0.0000)
            (317.7315, 10.5257, -2.1522, 1.0000)>
MESH
Candles_1_Cube
<Matrix 4x4 (  5.9080,  0.0000,  0.0000, 0.0000)
            (  0.0000,  5.9080, -0.0000, 0.0000)
            (  0.0000,  0.0000,  5.9080, 0.0000)
            (266.3637, 10.2576, -0.0031, 1.0000)>
MESH
Bricks_Cube
<Matrix 4x4 (  5.9374,  0.0000,  0.0000, 0.0000)
            (  0.0000,  5.9374, -0.0000, 0.0000)
            (  0.0000,  0.0000,  5.9374, 0.0000)
            (389.5138, 11.9471, -0.0031, 1.0000)>
MESH
Barrel_Cylinder.037
<Matrix 4x4 (  4.0250,  0.0000,  0.0000, 0.0000)
            (  0.0000,  4.0250, -0.0000, 0.0000)
            (  0.0000,  0.0000,  4.0250, 0.0000)
            (309.5320, 10.8730, -4.9908, 1.0000)>
MESH
Barrel_Cylinder
<Matrix 4x4 (  4.0250,  0.0000,  0.0000, 0.0000)
            (  0.0000,  4.0250, -0.0000, 0.0000)
            (  0.0000,  0.0000,  4.0250, 0.0000)
            (309.5320, 11.1834,  5.2413, 1.0000)>
MESH
Barrel_Cylinder.002
<Matrix 4x4 (  4.0250,  0.0000,  0.0000, 0.0000)
            (  0.0000,  4.0250, -0.0000, 0.0000)
            (  0.0000,  0.0000,  4.0250, 0.0000)
            (319.0258, 11.2283, 10.2041, 1.0000)>
MESH
Barrel_Cylinder.003
<Matrix 4x4 (  4.0250,  0.0000,  0.0000, 0.0000)
            (  0.0000,  4.0250, -0.0000, 0.0000)
            (  0.0000,  0.0000,  4.0250, 0.0000)
            (335.4391, 11.2121, -9.6270, 1.0000)>
MESH
Barrel_Cylinder.004
<Matrix 4x4 (  4.0250,  0.0000,  0.0000, 0.0000)
            (  0.0000,  4.0250, -0.0000, 0.0000)
            (  0.0000,  0.0000,  4.0250, 0.0000)
            (351.9418, 11.2232, 10.2939, 1.0000)>
MESH
Barrel_Cylinder.005
<Matrix 4x4 (  4.0250,  0.0000,   0.0000, 0.0000)
            (  0.0000,  4.0250,  -0.0000, 0.0000)
            (  0.0000,  0.0000,   4.0250, 0.0000)
            (374.1334, 11.2121, -10.6265, 1.0000)>
MESH
Barrel_Cylinder.006
<Matrix 4x4 (  4.0250,  0.0000,  0.0000, 0.0000)
            (  0.0000,  4.0250, -0.0000, 0.0000)
            (  0.0000,  0.0000,  4.0250, 0.0000)
            (390.3269, 11.2121, 10.4330, 1.0000)>
MESH
Barrel_Cylinder.007
<Matrix 4x4 (  4.0250,  0.0000,   0.0000, 0.0000)
            (  0.0000,  4.0250,  -0.0000, 0.0000)
            (  0.0000,  0.0000,   4.0250, 0.0000)
            (408.0349, 11.2121, -10.4477, 1.0000)>
MESH
Chest_Cylinder
<Matrix 4x4 ( -0.0217,  0.0000, -8.2805, 0.0000)
            ( -0.0000,  8.2805,  0.0000, 0.0000)
            (  8.2805,  0.0000, -0.0217, 0.0000)
            (448.6157, 11.1086, -0.0031, 1.0000)>
MESH
Bookcase_Full_Cylinder.001
<Matrix 4x4 (  9.6788, 0.0000, -0.1186, 0.0000)
            ( -0.0000, 9.6795, -0.0000, 0.0000)
            (  0.1186, 0.0000,  9.6788, 0.0000)
            (281.9920, 9.6771, 45.1847, 1.0000)>
MESH
BridgeSection_Cylinder.005
<Matrix 4x4 ( -0.0467, 0.0000,  9.5289, 0.0000)
            (  0.0000, 9.5290,  0.0000, 0.0000)
            ( -9.5289, 0.0000, -0.0467, 0.0000)
            (325.3624, 8.7602,  0.0000, 1.0000)>
MESH
BridgeSection_Cylinder
<Matrix 4x4 ( -0.0467, 0.0000,  9.5289, 0.0000)
            (  0.0000, 9.5290,  0.0000, 0.0000)
            ( -9.5289, 0.0000, -0.0467, 0.0000)
            (346.1901, 8.7602,  0.0000, 1.0000)>
MESH
BridgeSection_Cylinder.002
<Matrix 4x4 ( -0.0467, 0.0000,  9.5289, 0.0000)
            (  0.0000, 9.5290,  0.0000, 0.0000)
            ( -9.5289, 0.0000, -0.0467, 0.0000)
            (408.5609, 8.7602,  0.0000, 1.0000)>
MESH
BridgeSection_Cylinder.003
<Matrix 4x4 ( -0.0467, 0.0000,  9.5289, 0.0000)
            (  0.0000, 9.5290,  0.0000, 0.0000)
            ( -9.5289, 0.0000, -0.0467, 0.0000)
            (367.4468, 8.7602,  0.0000, 1.0000)>
MESH
BridgeSection_Cylinder.004
<Matrix 4x4 ( -0.0467, 0.0000,  9.5289, 0.0000)
            (  0.0000, 9.5290,  0.0000, 0.0000)
            ( -9.5289, 0.0000, -0.0467, 0.0000)
            (387.9633, 8.7602,  0.0000, 1.0000)>
LIGHT
Point
<Matrix 4x4 (  0.4992,  0.0000,  0.0000, 0.0000)
            (  0.0000,  0.0000,  0.4992, 0.0000)
            (  0.0000, -0.4992,  0.0000, 0.0000)
            (268.3523, 13.6202, -1.0062, 1.0000)>
<Color (r=1.0000, g=0.7200, b=0.4876)>
Radius: 1.3000000715255737
LIGHT
Point.001
<Matrix 4x4 (  0.4992,  0.0000, 0.0000, 0.0000)
            (  0.0000,  0.0000, 0.4992, 0.0000)
            (  0.0000, -0.4992, 0.0000, 0.0000)
            (265.2018, 13.6202, 1.4523, 1.0000)>
<Color (r=1.0000, g=0.7200, b=0.4876)>
Radius: 1.3000000715255737
LIGHT
Point.002
<Matrix 4x4 (  0.4992,  0.0000,  0.0000, 0.0000)
            (  0.0000,  0.0000,  0.4992, 0.0000)
            (  0.0000, -0.4992,  0.0000, 0.0000)
            (266.3631, 13.0718, -0.0077, 1.0000)>
<Color (r=1.0000, g=0.7200, b=0.4876)>
Radius: 1.3000000715255737
LIGHT
Point.003
<Matrix 4x4 (  0.4992,  0.0000, 0.0000, 0.0000)
            (  0.0000,  0.0000, 0.4992, 0.0000)
            (  0.0000, -0.4992, 0.0000, 0.0000)
            (268.0151, 13.4597, 1.4523, 1.0000)>
<Color (r=1.0000, g=0.7200, b=0.4876)>
Radius: 1.3000000715255737
LIGHT
Point.004
<Matrix 4x4 (  0.4992,  0.0000, 0.0000, 0.0000)
            (  0.0000,  0.0000, 0.4992, 0.0000)
            (  0.0000, -0.4992, 0.0000, 0.0000)
            (266.7196, 13.6907, 2.2058, 1.0000)>
<Color (r=1.0000, g=0.7200, b=0.4876)>
Radius: 1.3000000715255737
LIGHT
Point.005
<Matrix 4x4 (  0.4992,  0.0000,  0.0000, 0.0000)
            (  0.0000,  0.0000,  0.4992, 0.0000)
            (  0.0000, -0.4992,  0.0000, 0.0000)
            (266.3299, 12.3541, -1.6091, 1.0000)>
<Color (r=1.0000, g=0.7200, b=0.4876)>
Radius: 1.3000000715255737
LIGHT
Point.006
<Matrix 4x4 (  0.4992,  0.0000,  0.0000, 0.0000)
            (  0.0000,  0.0000,  0.4992, 0.0000)
            (  0.0000, -0.4992,  0.0000, 0.0000)
            (264.6955, 12.3541, -0.5473, 1.0000)>
<Color (r=1.0000, g=0.7200, b=0.4876)>
Radius: 1.2999999523162842
MESH
SkyBox
Skybox.dds
<Matrix 4x4 (  1.0000,  0.0000, 0.0000, 0.0000)
            (  0.0000,  0.0000, 1.0000, 0.0000)
            (  0.0000, -1.0000, 0.0000, 0.0000)
            (346.8823, 28.8025, 0.0000, 1.0000)>
