# Game Level Exporter v1.0
MESH
Floor_Standard_Cube.044
<Matrix 4x4 ( 10.0835,  0.0000,  0.0000, 0.0000)
            (  0.0000, 10.0835, -0.0000, 0.0000)
            (  0.0000,  0.0000, 10.0835, 0.0000)
            (281.9313, 10.4265, 19.4276, 1.0000)>
MESH
Floor_Standard_Cube
<Matrix 4x4 ( 10.0835,  0.0000,  0.0000, 0.0000)
            (  0.0000, 10.0835, -0.0000, 0.0000)
            (  0.0000,  0.0000, 10.0835, 0.0000)
            (300.4713, 10.4265,  0.0361, 1.0000)>
MESH
Floor_Standard_Cube.002
<Matrix 4x4 ( 10.0835,  0.0000,  0.0000, 0.0000)
            (  0.0000, 10.0835, -0.0000, 0.0000)
            (  0.0000,  0.0000, 10.0835, 0.0000)
            (281.9313, 10.4265,  0.0361, 1.0000)>
MESH
Floor_Standard_Cube.003
<Matrix 4x4 ( 10.0835,  0.0000,  0.0000, 0.0000)
            (  0.0000, 10.0835, -0.0000, 0.0000)
            (  0.0000,  0.0000, 10.0835, 0.0000)
            (262.4503, 10.4265,  0.0361, 1.0000)>
MESH
Floor_Standard_Cube.004
<Matrix 4x4 ( 10.0835,  0.0000,   0.0000, 0.0000)
            (  0.0000, 10.0835,  -0.0000, 0.0000)
            (  0.0000,  0.0000,  10.0835, 0.0000)
            (281.9313, 10.4265, -19.2727, 1.0000)>
MESH
Floor_Standard_Cube.005
<Matrix 4x4 ( 10.0835,  0.0000,   0.0000, 0.0000)
            (  0.0000, 10.0835,  -0.0000, 0.0000)
            (  0.0000,  0.0000,  10.0835, 0.0000)
            (262.4503, 10.4265, -19.2382, 1.0000)>
MESH
Floor_Standard_Cube.006
<Matrix 4x4 ( 10.0835,  0.0000,  0.0000, 0.0000)
            (  0.0000, 10.0835, -0.0000, 0.0000)
            (  0.0000,  0.0000, 10.0835, 0.0000)
            (262.4503, 10.4265, 19.3325, 1.0000)>
MESH
Floor_Standard_Cube.007
<Matrix 4x4 ( 10.0835,  0.0000,  0.0000, 0.0000)
            (  0.0000, 10.0835, -0.0000, 0.0000)
            (  0.0000,  0.0000, 10.0835, 0.0000)
            (281.9313, 10.4265, 38.4331, 1.0000)>
MESH
Floor_Standard_Cube.008
<Matrix 4x4 ( 10.0835,  0.0000,   0.0000, 0.0000)
            (  0.0000, 10.0835,  -0.0000, 0.0000)
            (  0.0000,  0.0000,  10.0835, 0.0000)
            (281.9313, 10.4265, -38.5219, 1.0000)>
MESH
Arch_Gothic_RoundColumn_Cylinder.021
<Matrix 4x4 ( -0.0095,  0.0000,  6.4348, 0.0000)
            (  0.0000,  6.4348,  0.0000, 0.0000)
            ( -6.4348,  0.0000, -0.0095, 0.0000)
            (310.3464, 10.6518,  0.0361, 1.0000)>
MESH
Bookcase_Full_Cylinder
<Matrix 4x4 ( -9.6795, 0.0000,   0.0057, 0.0000)
            (  0.0000, 9.6795,   0.0000, 0.0000)
            ( -0.0057, 0.0000,  -9.6795, 0.0000)
            (281.9920, 9.6771, -45.1921, 1.0000)>
MESH
Bookcase_Full_Cylinder.002
<Matrix 4x4 ( -0.1899, 0.0000,  8.8109, 0.0000)
            (  0.0000, 9.6795,  0.0000, 0.0000)
            ( -9.6769, 0.0000, -0.2086, 0.0000)
            (255.8292, 9.4056, 20.0871, 1.0000)>
MESH
Bookcase_Full_Cylinder.003
<Matrix 4x4 ( -0.2086, -0.0000,  9.6773, 0.0000)
            (  0.0000,  9.6795,  0.0000, 0.0000)
            ( -9.6773,  0.0000, -0.2086, 0.0000)
            (255.8292,  9.4056,  1.0132, 1.0000)>
MESH
Bookcase_Full_Cylinder.004
<Matrix 4x4 ( -0.2086, -0.0000,   9.6773, 0.0000)
            (  0.0000,  9.6795,   0.0000, 0.0000)
            ( -9.6773,  0.0000,  -0.2086, 0.0000)
            (255.8292,  9.4056, -19.0196, 1.0000)>
MESH
Column_Round_Cylinder
<Matrix 4x4 ( 36.8973,   0.0000,  0.0000, 0.0000)
            (  0.0000,  36.8973, -0.0000, 0.0000)
            (  0.0000,   0.0000, 36.8973, 0.0000)
            (263.0530, -33.5243, 37.8144, 1.0000)>
MESH
Curve_1_Cube.005
<Matrix 4x4 ( -8.2109,  0.0000,  -0.0344, 0.0000)
            ( -0.0000, 10.3410,   0.0000, 0.0000)
            (  0.0344,  0.0000,  -8.2109, 0.0000)
            (291.3439,  5.0773, -31.2189, 1.0000)>
MESH
Curve_1_Cube
<Matrix 4x4 (  0.1684,  0.0000, -8.2095, 0.0000)
            ( -0.0000, 10.4233, -0.0000, 0.0000)
            (  8.8590,  0.0000,  0.1817, 0.0000)
            (291.9476,  5.0773, 29.7364, 1.0000)>
MESH
Wall_Cube.354
<Matrix 4x4 (  0.0115,  0.0000,  10.6543, 0.0000)
            (  0.0000, 10.0349,  -0.0000, 0.0000)
            (-10.0349,  0.0000,   0.0109, 0.0000)
            (310.2991,  5.4548, -20.5225, 1.0000)>
MESH
Wall_Cube
<Matrix 4x4 (  0.0113,  0.0000, 10.4391, 0.0000)
            (  0.0000, 10.0349, -0.0000, 0.0000)
            (-10.0349,  0.0000,  0.0109, 0.0000)
            (310.2991,  5.4548, 20.3100, 1.0000)>
MESH
Column_BridgeSupport_Cylinder.033
<Matrix 4x4 (  9.5724,   0.0000,  0.0000, 0.0000)
            (  0.0000,   9.5724, -0.0000, 0.0000)
            (  0.0000,   0.0000,  9.5724, 0.0000)
            (314.1836, -30.2065, -8.8171, 1.0000)>
MESH
Column_BridgeSupport_Cylinder
<Matrix 4x4 (  9.5724,   0.0000,  0.0000, 0.0000)
            (  0.0000,   9.5724, -0.0000, 0.0000)
            (  0.0000,   0.0000,  9.5724, 0.0000)
            (314.1836, -30.2065,  9.7694, 1.0000)>
MESH
Column_BridgeSupport_Cylinder.002
<Matrix 4x4 (  9.5724,   0.0000,  0.0000, 0.0000)
            (  0.0000,   9.5724, -0.0000, 0.0000)
            (  0.0000,   0.0000,  9.5724, 0.0000)
            (349.2961, -30.2065, -8.8171, 1.0000)>
MESH
Column_BridgeSupport_Cylinder.003
<Matrix 4x4 (  9.5724,   0.0000,  0.0000, 0.0000)
            (  0.0000,   9.5724, -0.0000, 0.0000)
            (  0.0000,   0.0000,  9.5724, 0.0000)
            (349.2961, -30.2065,  9.7694, 1.0000)>
MESH
Column_BridgeSupport_Cylinder.004
<Matrix 4x4 (  9.5724,   0.0000,  0.0000, 0.0000)
            (  0.0000,   9.5724, -0.0000, 0.0000)
            (  0.0000,   0.0000,  9.5724, 0.0000)
            (382.5538, -30.2065,  9.7694, 1.0000)>
MESH
Column_BridgeSupport_Cylinder.005
<Matrix 4x4 (  9.5724,   0.0000,  0.0000, 0.0000)
            (  0.0000,   9.5724, -0.0000, 0.0000)
            (  0.0000,   0.0000,  9.5724, 0.0000)
            (382.5538, -30.2065, -8.8171, 1.0000)>
MESH
Column_BridgeSupport_Cylinder.006
<Matrix 4x4 (  9.5724,   0.0000,  0.0000, 0.0000)
            (  0.0000,   9.5724, -0.0000, 0.0000)
            (  0.0000,   0.0000,  9.5724, 0.0000)
            (409.9741, -30.2065, -8.8171, 1.0000)>
MESH
Column_BridgeSupport_Cylinder.007
<Matrix 4x4 (  9.5724,   0.0000,  0.0000, 0.0000)
            (  0.0000,   9.5724, -0.0000, 0.0000)
            (  0.0000,   0.0000,  9.5724, 0.0000)
            (409.9741, -30.2065,  9.7694, 1.0000)>
MESH
Column_Round_Cylinder.002
<Matrix 4x4 ( 36.8973,   0.0000,   0.0000, 0.0000)
            (  0.0000,  36.8973,  -0.0000, 0.0000)
            (  0.0000,   0.0000,  36.8973, 0.0000)
            (263.0530, -33.5243, -37.6362, 1.0000)>
MESH
Candles_1_Cube
<Matrix 4x4 (  5.9080,  0.0000,  0.0000, 0.0000)
            (  0.0000,  5.9080, -0.0000, 0.0000)
            (  0.0000,  0.0000,  5.9080, 0.0000)
            (266.3637, 10.2576, -0.0031, 1.0000)>
MESH
Bookcase_Full_Cylinder.001
<Matrix 4x4 (  9.6788, 0.0000, -0.1186, 0.0000)
            ( -0.0000, 9.6795, -0.0000, 0.0000)
            (  0.1186, 0.0000,  9.6788, 0.0000)
            (281.9920, 9.6771, 45.1847, 1.0000)>
MESH
BridgeSection_Cylinder.005
<Matrix 4x4 ( -0.0467, 0.0000,  9.5289, 0.0000)
            (  0.0000, 9.5290,  0.0000, 0.0000)
            ( -9.5289, 0.0000, -0.0467, 0.0000)
            (325.3624, 8.7602,  0.0000, 1.0000)>
MESH
BridgeSection_Cylinder
<Matrix 4x4 ( -0.0467, 0.0000,  9.5289, 0.0000)
            (  0.0000, 9.5290,  0.0000, 0.0000)
            ( -9.5289, 0.0000, -0.0467, 0.0000)
            (346.1901, 8.7602,  0.0000, 1.0000)>
MESH
BridgeSection_Cylinder.002
<Matrix 4x4 ( -0.0467, 0.0000,  9.5289, 0.0000)
            (  0.0000, 9.5290,  0.0000, 0.0000)
            ( -9.5289, 0.0000, -0.0467, 0.0000)
            (408.5609, 8.7602,  0.0000, 1.0000)>
MESH
BridgeSection_Cylinder.003
<Matrix 4x4 ( -0.0467, 0.0000,  9.5289, 0.0000)
            (  0.0000, 9.5290,  0.0000, 0.0000)
            ( -9.5289, 0.0000, -0.0467, 0.0000)
            (367.4468, 8.7602,  0.0000, 1.0000)>
MESH
BridgeSection_Cylinder.004
<Matrix 4x4 ( -0.0467, 0.0000,  9.5289, 0.0000)
            (  0.0000, 9.5290,  0.0000, 0.0000)
            ( -9.5289, 0.0000, -0.0467, 0.0000)
            (387.9633, 8.7602,  0.0000, 1.0000)>
LIGHT
Point
<Matrix 4x4 (  0.4992,  0.0000,  0.0000, 0.0000)
            (  0.0000,  0.0000,  0.4992, 0.0000)
            (  0.0000, -0.4992,  0.0000, 0.0000)
            (268.3523, 13.6202, -1.0062, 1.0000)>
<Color (r=1.0000, g=0.7200, b=0.4876)>
Radius: 1.3000000715255737
LIGHT
Point.001
<Matrix 4x4 (  0.4992,  0.0000, 0.0000, 0.0000)
            (  0.0000,  0.0000, 0.4992, 0.0000)
            (  0.0000, -0.4992, 0.0000, 0.0000)
            (265.2018, 13.6202, 1.4523, 1.0000)>
<Color (r=1.0000, g=0.7200, b=0.4876)>
Radius: 1.3000000715255737
LIGHT
Point.002
<Matrix 4x4 (  0.4992,  0.0000,  0.0000, 0.0000)
            (  0.0000,  0.0000,  0.4992, 0.0000)
            (  0.0000, -0.4992,  0.0000, 0.0000)
            (266.3631, 13.0718, -0.0077, 1.0000)>
<Color (r=1.0000, g=0.7200, b=0.4876)>
Radius: 1.3000000715255737
LIGHT
Point.003
<Matrix 4x4 (  0.4992,  0.0000, 0.0000, 0.0000)
            (  0.0000,  0.0000, 0.4992, 0.0000)
            (  0.0000, -0.4992, 0.0000, 0.0000)
            (268.0151, 13.4597, 1.4523, 1.0000)>
<Color (r=1.0000, g=0.7200, b=0.4876)>
Radius: 1.3000000715255737
LIGHT
Point.004
<Matrix 4x4 (  0.4992,  0.0000, 0.0000, 0.0000)
            (  0.0000,  0.0000, 0.4992, 0.0000)
            (  0.0000, -0.4992, 0.0000, 0.0000)
            (266.7196, 13.6907, 2.2058, 1.0000)>
<Color (r=1.0000, g=0.7200, b=0.4876)>
Radius: 1.3000000715255737
LIGHT
Point.005
<Matrix 4x4 (  0.4992,  0.0000,  0.0000, 0.0000)
            (  0.0000,  0.0000,  0.4992, 0.0000)
            (  0.0000, -0.4992,  0.0000, 0.0000)
            (266.3299, 12.3541, -1.6091, 1.0000)>
<Color (r=1.0000, g=0.7200, b=0.4876)>
Radius: 1.3000000715255737
LIGHT
Point.006
<Matrix 4x4 (  0.4992,  0.0000,  0.0000, 0.0000)
            (  0.0000,  0.0000,  0.4992, 0.0000)
            (  0.0000, -0.4992,  0.0000, 0.0000)
            (264.6955, 12.3541, -0.5473, 1.0000)>
<Color (r=1.0000, g=0.7200, b=0.4876)>
Radius: 1.2999999523162842
MESH
Statue_Stag_Cylinder.029
<Matrix 4x4 ( 18.6197,  0.0000,  0.0000, 0.0000)
            (  0.0000, 18.6197, -0.0000, 0.0000)
            (  0.0000,  0.0000, 18.6197, 0.0000)
            (445.3527,  9.9914,  0.0000, 1.0000)>
MESH
Floor_Standard_Cube.001
<Matrix 4x4 ( 10.0835,  0.0000,  0.0000, 0.0000)
            (  0.0000, 10.0835, -0.0000, 0.0000)
            (  0.0000,  0.0000, 10.0835, 0.0000)
            (425.3013, 10.4265, -0.9605, 1.0000)>
MESH
Floor_Standard_Cube.009
<Matrix 4x4 ( 10.0835,  0.0000,  0.0000, 0.0000)
            (  0.0000, 10.0835, -0.0000, 0.0000)
            (  0.0000,  0.0000, 10.0835, 0.0000)
            (425.3013, 10.4265, 18.9058, 1.0000)>
MESH
Floor_Standard_Cube.010
<Matrix 4x4 ( 10.0835,  0.0000,   0.0000, 0.0000)
            (  0.0000, 10.0835,  -0.0000, 0.0000)
            (  0.0000,  0.0000,  10.0835, 0.0000)
            (425.3013, 10.4265, -21.0577, 1.0000)>
MESH
Floor_Standard_Cube.011
<Matrix 4x4 ( 10.0835,  0.0000,   0.0000, 0.0000)
            (  0.0000, 10.0835,  -0.0000, 0.0000)
            (  0.0000,  0.0000,  10.0835, 0.0000)
            (445.0506, 10.4265, -21.0577, 1.0000)>
MESH
Floor_Standard_Cube.012
<Matrix 4x4 ( 10.0835,  0.0000,  0.0000, 0.0000)
            (  0.0000, 10.0835, -0.0000, 0.0000)
            (  0.0000,  0.0000, 10.0835, 0.0000)
            (445.0506, 10.4265, 18.9058, 1.0000)>
MESH
Floor_Standard_Cube.013
<Matrix 4x4 ( 10.0835,  0.0000,  0.0000, 0.0000)
            (  0.0000, 10.0835, -0.0000, 0.0000)
            (  0.0000,  0.0000, 10.0835, 0.0000)
            (445.0506, 10.4265, -0.9605, 1.0000)>
MESH
Floor_Standard_Cube.014
<Matrix 4x4 ( 10.0835,  0.0000,  0.0000, 0.0000)
            (  0.0000, 10.0835, -0.0000, 0.0000)
            (  0.0000,  0.0000, 10.0835, 0.0000)
            (464.9002, 10.4265, -0.9605, 1.0000)>
MESH
Floor_Standard_Cube.015
<Matrix 4x4 ( 10.0835,  0.0000,  0.0000, 0.0000)
            (  0.0000, 10.0835, -0.0000, 0.0000)
            (  0.0000,  0.0000, 10.0835, 0.0000)
            (464.9002, 10.4265, 18.9058, 1.0000)>
MESH
Floor_Standard_Cube.016
<Matrix 4x4 ( 10.0835,  0.0000,   0.0000, 0.0000)
            (  0.0000, 10.0835,  -0.0000, 0.0000)
            (  0.0000,  0.0000,  10.0835, 0.0000)
            (464.9002, 10.4265, -21.0577, 1.0000)>
MESH
Doors_GothicArch_Cylinder.001
<Matrix 4x4 ( -0.0146,  0.0000,  6.6328, 0.0000)
            (  0.0000,  6.6328,  0.0000, 0.0000)
            ( -6.6328,  0.0000, -0.0146, 0.0000)
            (309.5389, 10.8156, -0.2813, 1.0000)>
MESH
Skull_Cylinder.043
<Matrix 4x4 ( -0.0129,  0.0016, -20.2327, 0.0000)
            (  2.5048, 20.0771,   0.0000, 0.0000)
            ( 20.0771, -2.5048,  -0.0130, 0.0000)
            (422.7453, 84.5389,  -0.4064, 1.0000)>
LIGHT
Point.007
<Matrix 4x4 (  1.0000,  0.0000,  0.0000, 0.0000)
            (  0.0000,  0.0000,  1.0000, 0.0000)
            (  0.0000, -1.0000,  0.0000, 0.0000)
            (421.8089, 90.7106, -2.2125, 1.0000)>
<Color (r=1.0000, g=0.0000, b=0.0183)>
Radius: 2.859999895095825
LIGHT
Point.008
<Matrix 4x4 (  1.0000,  0.0000, 0.0000, 0.0000)
            (  0.0000,  0.0000, 1.0000, 0.0000)
            (  0.0000, -1.0000, 0.0000, 0.0000)
            (421.8089, 90.7106, 1.6628, 1.0000)>
<Color (r=1.0000, g=0.0000, b=0.0183)>
Radius: 2.859999895095825
MESH
Column_BridgeSupport_Cylinder.001
<Matrix 4x4 (  9.5724,   0.0000,   0.0000, 0.0000)
            (  0.0000,   9.5724,  -0.0000, 0.0000)
            (  0.0000,   0.0000,   9.5724, 0.0000)
            (418.7474, -30.2065, -28.3094, 1.0000)>
MESH
Column_BridgeSupport_Cylinder.008
<Matrix 4x4 (  9.5724,   0.0000,   0.0000, 0.0000)
            (  0.0000,   9.5724,  -0.0000, 0.0000)
            (  0.0000,   0.0000,   9.5724, 0.0000)
            (470.9255, -30.2065, -28.3094, 1.0000)>
MESH
Column_BridgeSupport_Cylinder.009
<Matrix 4x4 (  9.5724,   0.0000,  0.0000, 0.0000)
            (  0.0000,   9.5724, -0.0000, 0.0000)
            (  0.0000,   0.0000,  9.5724, 0.0000)
            (470.9255, -30.2065, 26.6235, 1.0000)>
MESH
Column_BridgeSupport_Cylinder.010
<Matrix 4x4 (  9.5724,   0.0000,  0.0000, 0.0000)
            (  0.0000,   9.5724, -0.0000, 0.0000)
            (  0.0000,   0.0000,  9.5724, 0.0000)
            (418.4225, -30.2065, 26.6235, 1.0000)>
CAMERA
Camera
<Matrix 4x4 ( -0.0019,  -0.0016, -1.0000, 0.0000)
            (  0.2763,   0.9611, -0.0020, 0.0000)
            (  0.9611,  -0.2763, -0.0014, 0.0000)
            (311.3233, 112.5316,  0.0000, 1.0000)>
